14
amb: 0.1 0.1 0.1
triangle
pos: -0.131589 1.45921 -3.52441
nor: -0.795099 0.489473 0.358096
dif: 0.0 0.5 0.0
spe: 0.51 0.51 0.51
shi: 3
pos: -0.131589 0.961562 -3.68956
nor: -0.7951 -0.606452 -0.00560593
dif: 0.0 0.5 0.0
spe: 0.51 0.51 0.51
shi: 3
pos: 0.313778 1.37205 -3.26177
nor: 0.185698 0.297526 0.93648
dif: 0.0 0.5 0.0
spe: 0.51 0.51 0.51
shi: 3
triangle
pos: 0.313778 1.37205 -3.26177
nor: 0.185698 0.297526 0.93648
dif: 0.0 0.5 0.0
spe: 0.51 0.51 0.51
shi: 3
pos: -0.131589 0.961562 -3.68956
nor: -0.7951 -0.606452 -0.00560593
dif: 0.0 0.5 0.0
spe: 0.51 0.51 0.51
shi: 3
pos: 0.313778 0.874401 -3.42692
nor: 0.185697 -0.7984 0.572777
dif: 0.0 0.5 0.0
spe: 0.51 0.51 0.51
shi: 3
triangle
pos: 0.313778 1.37205 -3.26177
nor: 0.185698 0.297526 0.93648
dif: 0.0 0.5 0.0
spe: 0.51 0.51 0.51
shi: 3
pos: 0.313778 0.874401 -3.42692
nor: 0.185697 -0.7984 0.572777
dif: 0.0 0.5 0.0
spe: 0.51 0.51 0.51
shi: 3
pos: 0.590499 1.51233 -3.68447
nor: 0.795099 0.606453 0.00560582
dif: 0.0 0.5 0.0
spe: 0.51 0.51 0.51
shi: 3
triangle
pos: 0.590499 1.51233 -3.68447
nor: 0.795099 0.606453 0.00560582
dif: 0.0 0.5 0.0
spe: 0.51 0.51 0.51
shi: 3
pos: 0.313778 0.874401 -3.42692
nor: 0.185697 -0.7984 0.572777
dif: 0.0 0.5 0.0
spe: 0.51 0.51 0.51
shi: 3
pos: 0.590499 1.01468 -3.84962
nor: 0.7951 -0.489472 -0.358096
dif: 0.0 0.5 0.0
spe: 0.51 0.51 0.51
shi: 3
triangle
pos: 0.590499 1.51233 -3.68447
nor: 0.795099 0.606453 0.00560582
dif: 0.0 0.5 0.0
spe: 0.51 0.51 0.51
shi: 3
pos: 0.590499 1.01468 -3.84962
nor: 0.7951 -0.489472 -0.358096
dif: 0.0 0.5 0.0
spe: 0.51 0.51 0.51
shi: 3
pos: 0.145133 1.59949 -3.94711
nor: -0.185697 0.7984 -0.572778
dif: 0.0 0.5 0.0
spe: 0.51 0.51 0.51
shi: 3
triangle
pos: 0.145133 1.59949 -3.94711
nor: -0.185697 0.7984 -0.572778
dif: 0.0 0.5 0.0
spe: 0.51 0.51 0.51
shi: 3
pos: 0.590499 1.01468 -3.84962
nor: 0.7951 -0.489472 -0.358096
dif: 0.0 0.5 0.0
spe: 0.51 0.51 0.51
shi: 3
pos: 0.145133 1.10184 -4.11226
nor: -0.185697 -0.297527 -0.93648
dif: 0.0 0.5 0.0
spe: 0.51 0.51 0.51
shi: 3
triangle
pos: 0.145133 1.59949 -3.94711
nor: -0.185697 0.7984 -0.572778
dif: 0.0 0.5 0.0
spe: 0.51 0.51 0.51
shi: 3
pos: 0.145133 1.10184 -4.11226
nor: -0.185697 -0.297527 -0.93648
dif: 0.0 0.5 0.0
spe: 0.51 0.51 0.51
shi: 3
pos: -0.131589 1.45921 -3.52441
nor: -0.795099 0.489473 0.358096
dif: 0.0 0.5 0.0
spe: 0.51 0.51 0.51
shi: 3
triangle
pos: -0.131589 1.45921 -3.52441
nor: -0.795099 0.489473 0.358096
dif: 0.0 0.5 0.0
spe: 0.51 0.51 0.51
shi: 3
pos: 0.145133 1.10184 -4.11226
nor: -0.185697 -0.297527 -0.93648
dif: 0.0 0.5 0.0
spe: 0.51 0.51 0.51
shi: 3
pos: -0.131589 0.961562 -3.68956
nor: -0.7951 -0.606452 -0.00560593
dif: 0.0 0.5 0.0
spe: 0.51 0.51 0.51
shi: 3
triangle
pos: -0.131589 0.961562 -3.68956
nor: -0.7951 -0.606452 -0.00560593
dif: 0.0 0.5 0.0
spe: 0.51 0.51 0.51
shi: 3
pos: 0.145133 1.10184 -4.11226
nor: -0.185697 -0.297527 -0.93648
dif: 0.0 0.5 0.0
spe: 0.51 0.51 0.51
shi: 3
pos: 0.313778 0.874401 -3.42692
nor: 0.185697 -0.7984 0.572777
dif: 0.0 0.5 0.0
spe: 0.51 0.51 0.51
shi: 3
triangle
pos: 0.313778 0.874401 -3.42692
nor: 0.185697 -0.7984 0.572777
dif: 0.0 0.5 0.0
spe: 0.51 0.51 0.51
shi: 3
pos: 0.145133 1.10184 -4.11226
nor: -0.185697 -0.297527 -0.93648
dif: 0.0 0.5 0.0
spe: 0.51 0.51 0.51
shi: 3
pos: 0.590499 1.01468 -3.84962
nor: 0.7951 -0.489472 -0.358096
dif: 0.0 0.5 0.0
spe: 0.51 0.51 0.51
shi: 3
triangle
pos: 0.145133 1.59949 -3.94711
nor: -0.185697 0.7984 -0.572778
dif: 0.0 0.5 0.0
spe: 0.51 0.51 0.51
shi: 3
pos: -0.131589 1.45921 -3.52441
nor: -0.795099 0.489473 0.358096
dif: 0.0 0.5 0.0
spe: 0.51 0.51 0.51
shi: 3
pos: 0.590499 1.51233 -3.68447
nor: 0.795099 0.606453 0.00560582
dif: 0.0 0.5 0.0
spe: 0.51 0.51 0.51
shi: 3
triangle
pos: 0.590499 1.51233 -3.68447
nor: 0.795099 0.606453 0.00560582
dif: 0.0 0.5 0.0
spe: 0.51 0.51 0.51
shi: 3
pos: -0.131589 1.45921 -3.52441
nor: -0.795099 0.489473 0.358096
dif: 0.0 0.5 0.0
spe: 0.51 0.51 0.51
shi: 3
pos: 0.313778 1.37205 -3.26177
nor: 0.185698 0.297526 0.93648
dif: 0.0 0.5 0.0
spe: 0.51 0.51 0.51
shi: 3
light
pos: 5 5 0
col: 1 1 1
light
pos: -5 5 0
col: 1 1 1